10000     9.0
20000     4.0
30000     7.0
40000     7.0
50000     10.0
60000     6.0
70000     9.0
80000     9.0
90000     10.0
100000     12.0
110000     14.0
120000     12.0
130000     20.0
140000     21.0
150000     21.0
160000     18.0
170000     20.0
180000     23.0
190000     25.0
200000     25.0
210000     29.0
220000     31.0
230000     31.0
240000     32.0
250000     37.0
260000     35.0
270000     39.0
280000     40.0
290000     42.0
300000     45.0
310000     45.0
320000     46.0
330000     50.0
340000     54.0
350000     56.0
360000     56.0
370000     56.0
380000     64.0
390000     60.0
400000     64.0
410000     68.0
420000     70.0
430000     71.0
440000     70.0
450000     76.0
460000     78.0
470000     76.0
480000     76.0
490000     84.0
500000     82.0
510000     85.0
520000     89.0
530000     90.0
540000     90.0
550000     98.0
560000     96.0
570000     100.0
580000     98.0
590000     100.0
600000     106.0
610000     109.0
620000     107.0
630000     112.0
640000     120.0
650000     120.0
660000     115.0
670000     123.0
680000     125.0
690000     125.0
700000     129.0
710000     125.0
720000     126.0
730000     125.0
740000     140.0
750000     143.0
760000     165.0
770000     159.0
780000     143.0
790000     145.0
800000     148.0
810000     151.0
820000     150.0
830000     156.0
840000     159.0
850000     157.0
860000     157.0
870000     167.0
880000     173.0
890000     168.0
900000     175.0
910000     175.0
920000     171.0
930000     187.0
940000     184.0
950000     181.0
960000     184.0
970000     198.0
980000     189.0
990000     206.0
1000000     185.0
