110000     3.0
70000     1.0
20000     1.0
250000     7.0
200000     6.0
220000     6.0
100000     1.0
270000     9.0
340000     9.0
460000     20.0
180000     6.0
280000     7.0
300000     10.0
80000     4.0
190000     6.0
500000     12.0
120000     3.0
240000     7.0
230000     6.0
140000     3.0
210000     6.0
320000     9.0
430000     12.0
310000     7.0
410000     9.0
330000     10.0
600000     17.0
10000     4.0
170000     3.0
260000     7.0
130000     4.0
370000     10.0
710000     20.0
400000     7.0
50000     1.0
90000     6.0
30000     3.0
980000     31.0
160000     6.0
40000     6.0
700000     23.0
590000     18.0
930000     32.0
910000     28.0
530000     18.0
390000     14.0
360000     9.0
420000     10.0
450000     12.0
990000     31.0
610000     20.0
630000     21.0
150000     7.0
860000     29.0
850000     23.0
290000     6.0
680000     31.0
790000     26.0
490000     18.0
440000     17.0
1000000     34.0
60000     1.0
870000     37.0
830000     29.0
890000     35.0
960000     40.0
840000     28.0
650000     18.0
540000     12.0
660000     18.0
950000     29.0
940000     32.0
810000     26.0
970000     39.0
780000     28.0
820000     25.0
620000     26.0
550000     21.0
380000     12.0
670000     18.0
730000     21.0
920000     28.0
480000     15.0
760000     21.0
350000     7.0
800000     26.0
560000     20.0
750000     20.0
470000     10.0
740000     23.0
880000     31.0
720000     23.0
520000     14.0
580000     21.0
570000     18.0
770000     26.0
510000     14.0
690000     29.0
640000     23.0
900000     28.0
