10000     4.0
20000     4.0
30000     9.0
40000     15.0
50000     17.0
60000     18.0
70000     26.0
80000     26.0
90000     34.0
100000     42.0
110000     45.0
120000     53.0
130000     56.0
140000     60.0
150000     59.0
160000     65.0
170000     70.0
180000     68.0
190000     75.0
200000     82.0
210000     84.0
220000     96.0
230000     95.0
240000     103.0
250000     115.0
260000     114.0
270000     117.0
280000     159.0
290000     142.0
300000     132.0
310000     139.0
320000     162.0
330000     148.0
340000     148.0
350000     150.0
360000     160.0
370000     159.0
380000     162.0
390000     165.0
400000     189.0
410000     175.0
420000     193.0
430000     201.0
440000     225.0
450000     223.0
460000     275.0
470000     243.0
480000     217.0
490000     245.0
500000     243.0
510000     278.0
520000     248.0
530000     260.0
540000     284.0
550000     254.0
560000     295.0
570000     284.0
580000     284.0
590000     298.0
600000     289.0
610000     285.0
620000     300.0
630000     314.0
640000     315.0
650000     329.0
660000     343.0
670000     325.0
680000     317.0
690000     334.0
700000     356.0
710000     328.0
720000     373.0
730000     365.0
740000     350.0
750000     345.0
760000     382.0
770000     353.0
780000     356.0
790000     515.0
800000     437.0
810000     401.0
820000     376.0
830000     389.0
840000     395.0
850000     410.0
860000     576.0
870000     507.0
880000     412.0
890000     395.0
900000     406.0
910000     421.0
920000     443.0
930000     448.0
940000     475.0
950000     445.0
960000     459.0
970000     448.0
980000     453.0
990000     481.0
1000000     529.0
