10000     10.0
20000     37.0
30000     45.0
40000     78.0
50000     131.0
60000     187.0
70000     260.0
80000     339.0
90000     434.0
100000     554.0
110000     635.0
120000     793.0
130000     925.0
140000     1115.0
150000     1257.0
160000     1620.0
170000     1593.0
180000     1943.0
190000     2378.0
200000     2543.0
210000     3051.0
220000     3903.0
230000     4150.0
240000     5273.0
250000     3428.0
260000     5276.0
270000     6812.0
280000     7110.0
290000     9489.0
300000     12054.0
