10000     9.0
20000     6.0
30000     7.0
40000     10.0
50000     10.0
60000     15.0
70000     17.0
80000     18.0
90000     23.0
100000     25.0
110000     26.0
120000     31.0
130000     39.0
140000     53.0
150000     37.0
160000     43.0
170000     48.0
180000     46.0
190000     56.0
200000     53.0
210000     57.0
220000     57.0
230000     60.0
240000     65.0
250000     67.0
260000     70.0
270000     71.0
280000     75.0
290000     79.0
300000     82.0
310000     82.0
320000     87.0
330000     93.0
340000     93.0
350000     115.0
360000     103.0
370000     106.0
380000     104.0
390000     112.0
400000     110.0
410000     110.0
420000     118.0
430000     120.0
440000     128.0
450000     143.0
460000     125.0
470000     126.0
480000     134.0
490000     139.0
500000     135.0
510000     145.0
520000     146.0
530000     150.0
540000     148.0
550000     171.0
560000     192.0
570000     160.0
580000     185.0
590000     170.0
600000     170.0
610000     181.0
620000     176.0
630000     192.0
640000     203.0
650000     187.0
660000     203.0
670000     193.0
680000     193.0
690000     196.0
700000     223.0
710000     203.0
720000     207.0
730000     228.0
740000     223.0
750000     215.0
760000     221.0
770000     225.0
780000     229.0
790000     229.0
800000     235.0
810000     232.0
820000     235.0
830000     243.0
840000     240.0
850000     246.0
860000     246.0
870000     251.0
880000     262.0
890000     256.0
900000     273.0
910000     259.0
920000     267.0
930000     268.0
940000     279.0
950000     285.0
960000     289.0
970000     310.0
980000     306.0
990000     325.0
1000000     300.0
