10000     15.0
20000     0.0
30000     0.0
40000     15.0
50000     15.0
60000     15.0
70000     0.0
80000     15.0
90000     15.0
100000     15.0
110000     15.0
120000     31.0
130000     31.0
140000     31.0
150000     31.0
160000     31.0
170000     31.0
180000     46.0
190000     31.0
200000     31.0
210000     31.0
220000     46.0
230000     46.0
240000     46.0
250000     46.0
260000     62.0
270000     62.0
280000     62.0
290000     62.0
300000     62.0
310000     62.0
320000     78.0
330000     78.0
340000     140.0
350000     78.0
360000     78.0
370000     78.0
380000     93.0
390000     93.0
400000     93.0
410000     93.0
420000     109.0
430000     109.0
440000     109.0
450000     109.0
460000     109.0
470000     109.0
480000     125.0
490000     109.0
500000     125.0
510000     125.0
520000     125.0
530000     125.0
540000     156.0
550000     140.0
560000     140.0
570000     125.0
580000     140.0
590000     140.0
600000     156.0
610000     140.0
620000     125.0
630000     156.0
640000     171.0
650000     203.0
660000     171.0
670000     171.0
680000     171.0
690000     171.0
700000     171.0
710000     187.0
720000     203.0
730000     187.0
740000     171.0
750000     187.0
760000     171.0
770000     203.0
780000     218.0
790000     187.0
800000     203.0
810000     234.0
820000     203.0
830000     187.0
840000     218.0
850000     203.0
860000     218.0
870000     218.0
880000     218.0
890000     203.0
900000     234.0
910000     234.0
920000     250.0
930000     234.0
940000     218.0
950000     218.0
960000     265.0
970000     250.0
980000     250.0
990000     265.0
1000000     265.0
