10000     46.0
20000     31.0
30000     31.0
40000     15.0
50000     15.0
60000     15.0
70000     15.0
80000     31.0
90000     46.0
100000     31.0
110000     31.0
120000     46.0
130000     31.0
140000     46.0
150000     46.0
160000     46.0
170000     46.0
180000     46.0
190000     62.0
200000     62.0
210000     62.0
220000     62.0
230000     78.0
240000     78.0
250000     78.0
260000     93.0
270000     93.0
280000     93.0
290000     93.0
300000     93.0
310000     109.0
320000     109.0
330000     93.0
340000     109.0
350000     109.0
360000     109.0
370000     125.0
380000     125.0
390000     140.0
400000     140.0
410000     140.0
420000     140.0
430000     140.0
440000     140.0
450000     156.0
460000     140.0
470000     171.0
480000     156.0
490000     156.0
500000     171.0
510000     171.0
520000     187.0
530000     187.0
540000     187.0
550000     203.0
560000     187.0
570000     187.0
580000     203.0
590000     250.0
600000     265.0
610000     203.0
620000     218.0
630000     218.0
640000     218.0
650000     234.0
660000     234.0
670000     234.0
680000     250.0
690000     281.0
700000     281.0
710000     265.0
720000     296.0
730000     296.0
740000     250.0
750000     265.0
760000     281.0
770000     281.0
780000     296.0
790000     312.0
800000     296.0
810000     312.0
820000     296.0
830000     328.0
840000     359.0
850000     343.0
860000     390.0
870000     484.0
880000     421.0
890000     343.0
900000     421.0
910000     390.0
920000     359.0
930000     390.0
940000     359.0
950000     375.0
960000     437.0
970000     406.0
980000     453.0
990000     406.0
1000000     406.0
